L=1;
C=1;
R=1;
J=1;
K1=1;
K2=1;

