T=2;
K1=0.5;
K2=1;
K3=2;
