T=1;
T1=1;
T2=2;
T3=3;
K=1;
K1=1;
K2=2;
K3=3;
