C=1;
C1=1;
C2=1;
K=1;
K1=1;
K2=1;
L=1;
M1=1;
M2=1;
R=1;
R1=1;
R2=1;

